# Blender v2.91.0 OBJ File: ''
# www.blender.org
o Present_Cube.001
v -1.014147 0.744656 0.156444
v -1.014147 0.744656 1.014147
v -1.051615 0.739709 1.051615
v -1.051615 0.739709 0.162224
v 1.014147 0.744656 -0.146137
v 1.014147 0.744656 -1.014147
v 1.051615 0.739709 -1.051615
v 1.051615 0.739709 -0.151536
v -0.153235 0.744656 -1.014147
v -1.014147 0.744656 -1.014147
v -1.051615 0.739709 -1.051615
v -0.158897 0.739709 -1.051615
v -0.153235 -1.014147 -0.142565
v -1.014147 -1.014147 -0.142565
v -1.014147 -1.014147 -1.014147
v -0.153235 -1.014147 -1.014147
v 0.152079 0.744656 1.014147
v 1.014147 0.744656 1.014147
v 1.051615 0.739709 1.051615
v 0.157698 0.739709 1.051615
v 0.152079 -1.014147 -1.014147
v 0.152079 0.744656 -1.014147
v 1.014147 -1.014147 -1.014147
v -1.014147 0.744656 -0.142565
v -0.153235 -1.014147 1.014147
v -0.153235 0.744656 1.014147
v -1.014147 -1.014147 1.014147
v 1.014147 -1.014147 0.146876
v 1.014147 0.744656 0.146876
v 1.014147 -1.014147 1.014147
v 1.051615 0.739709 0.152303
v 1.051615 1.019093 0.152303
v 1.051615 1.019093 1.051615
v -0.158897 0.739709 1.051615
v -0.158897 1.019093 1.051615
v -1.051615 1.019093 1.051615
v -1.051615 0.739709 -0.147832
v -1.051615 1.019093 -0.147832
v -1.051615 1.019093 -1.051615
v 0.157698 0.739709 -1.051615
v 0.157698 1.019093 -1.051615
v 1.051615 1.019093 -1.051615
v 0.157698 1.019093 -0.151536
v 1.051615 1.019093 -0.151536
v -0.158897 1.019093 -0.147832
v -0.158897 1.019093 -1.051615
v 0.157698 1.019093 1.051615
v 0.152079 -1.014147 1.014147
v 1.014147 -1.014147 -0.146137
v 0.152079 -1.014147 -0.146137
v -1.014147 -1.014147 0.156444
v -0.153235 -1.014147 0.156444
v -1.051615 1.019093 0.162224
v -0.158897 1.019093 0.162224
v 0.152079 -1.014147 0.146876
v 0.157698 1.019093 0.152303
s 1
f 2 4 1
f 6 8 5
f 10 12 9
f 14 16 13
f 18 20 17
f 22 23 21
f 24 15 14
f 26 27 25
f 29 30 28
f 32 19 31
f 35 3 34
f 38 11 37
f 41 7 40
f 44 41 43
f 45 39 38
f 39 12 11
f 33 20 19
f 18 48 30
f 10 16 15
f 2 34 3
f 50 23 49
f 6 40 7
f 10 37 11
f 27 52 25
f 2 51 27
f 36 4 3
f 35 53 36
f 48 28 30
f 33 56 47
f 18 31 19
f 6 49 23
f 42 8 7
f 2 3 4
f 6 7 8
f 10 11 12
f 14 15 16
f 18 19 20
f 22 6 23
f 24 10 15
f 26 2 27
f 29 18 30
f 32 33 19
f 35 36 3
f 38 39 11
f 41 42 7
f 44 42 41
f 45 46 39
f 39 46 12
f 33 47 20
f 18 17 48
f 10 9 16
f 2 26 34
f 50 21 23
f 6 22 40
f 10 24 37
f 27 51 52
f 2 1 51
f 36 53 4
f 35 54 53
f 48 55 28
f 33 32 56
f 18 29 31
f 6 5 49
f 42 44 8
o Bow__19331_Bow_v1.001
v -1.079370 1.047303 0.159961
v -0.156680 1.064878 0.159961
v -0.156680 1.064878 -0.145770
v -1.079370 1.047303 -0.145770
v -1.079039 0.686636 0.159961
v -1.078812 0.686415 -0.145770
v -1.042425 -1.042425 0.154262
v -1.037130 0.687138 0.154262
v -1.037336 0.687302 -0.140576
v -1.042425 -1.042425 -0.140576
v -0.151098 -1.060000 0.154262
v -0.151098 -1.060000 -0.140576
v 1.078871 0.686471 -0.149422
v 1.079370 1.047303 -0.149422
v 1.079370 1.047303 0.150178
v 1.078883 0.686482 0.150178
v 1.042425 -1.042425 -0.144099
v 1.037282 0.687258 -0.144099
v 1.037270 0.687251 0.144828
v 1.042425 -1.042425 0.144828
v 0.149958 -1.060000 0.144828
v 0.149958 -1.060000 -0.144099
v 0.155498 1.064878 0.150178
v 0.155498 1.064878 -0.149422
v 0.156097 1.047303 1.082847
v 0.156097 1.064878 0.160157
v -0.149634 1.064878 0.160157
v -0.149634 1.047303 1.082847
v 0.156097 0.686636 1.082515
v -0.149634 0.686415 1.082289
v 0.150398 -1.042425 1.045902
v 0.150398 0.687138 1.040606
v -0.144440 0.687301 1.040813
v -0.144440 -1.042425 1.045902
v 0.150398 -1.060000 0.154575
v -0.144440 -1.060000 0.154575
v -0.153286 0.729391 -1.093469
v -0.153286 1.047303 -1.075894
v 0.146314 1.047303 -1.075894
v 0.146314 0.729391 -1.093469
v -0.147962 -1.042425 -1.038949
v -0.147962 0.734269 -1.056524
v 0.140964 0.734269 -1.056523
v 0.140964 -1.042425 -1.038949
v 0.140964 -1.060000 -0.146481
v -0.147962 -1.059998 -0.146481
v 0.146315 1.064878 -0.152021
v -0.153286 1.064878 -0.152021
v -1.036945 1.004878 0.159961
v -1.036945 1.004878 -0.145770
v -0.156680 1.004878 -0.145770
v -0.156680 1.004878 0.159961
v -1.036945 0.729391 0.159961
v -1.036945 0.729391 -0.145770
v -1.000000 -1.000000 0.154262
v -1.000000 -1.000000 -0.140576
v -1.000000 0.734269 -0.140576
v -1.000000 0.734269 0.154262
v -0.151098 -1.000000 0.154262
v -0.151098 -1.000000 -0.140576
v 1.036945 0.729391 -0.149422
v 1.036945 0.729391 0.150178
v 1.036945 1.004878 0.150178
v 1.036945 1.004878 -0.149422
v 1.000000 -1.000000 -0.144099
v 1.000000 -1.000000 0.144828
v 1.000000 0.734269 0.144828
v 1.000000 0.734269 -0.144099
v 0.149958 -1.000000 -0.144099
v 0.149958 -1.000000 0.144828
v 0.155498 1.004878 0.150178
v 0.155498 1.004878 -0.149422
v 0.156097 1.004878 1.040422
v -0.149634 1.004878 1.040422
v -0.149634 1.004878 0.160157
v 0.156097 1.004878 0.160157
v 0.156097 0.729391 1.040422
v -0.149634 0.729391 1.040422
v 0.150398 -1.000000 1.003477
v -0.144440 -1.000000 1.003477
v -0.144440 0.734269 1.003477
v 0.150398 0.734269 1.003477
v 0.150398 -1.000000 0.154575
v -0.144440 -1.000000 0.154575
v -0.153286 0.729391 -1.033469
v 0.146315 0.729391 -1.033469
v 0.146315 1.004878 -1.033469
v -0.153286 1.004878 -1.033469
v -0.147962 -1.000000 -0.996523
v 0.140964 -1.000000 -0.996523
v 0.140964 0.734269 -0.996523
v -0.147962 0.734269 -0.996523
v -0.147962 -1.000000 -0.146481
v 0.140964 -1.000000 -0.146481
v 0.146315 1.004878 -0.152021
v -0.153286 1.004878 -0.152021
s 1
f 58 60 57
f 61 60 62
f 64 66 63
f 63 68 67
f 64 62 65
f 70 72 69
f 73 75 76
f 77 73 76
f 71 80 79
f 75 69 72
f 82 84 81
f 85 84 86
f 88 90 87
f 87 92 91
f 88 86 89
f 94 96 93
f 98 100 97
f 100 102 97
f 95 104 103
f 106 108 105
f 110 105 109
f 112 114 111
f 116 111 115
f 110 114 113
f 118 120 117
f 122 124 121
f 121 126 122
f 128 119 127
f 123 117 124
f 130 132 129
f 134 129 133
f 136 138 135
f 140 135 139
f 134 138 137
f 142 144 141
f 146 148 145
f 145 150 146
f 152 143 151
f 58 107 59
f 68 115 67
f 59 106 60
f 60 110 62
f 65 112 66
f 68 112 116
f 65 110 113
f 67 111 63
f 64 111 114
f 57 109 105
f 58 105 108
f 64 109 61
f 77 122 126
f 79 119 71
f 71 118 72
f 75 122 76
f 75 118 123
f 80 127 79
f 77 125 78
f 74 121 124
f 70 117 120
f 78 121 73
f 80 120 128
f 74 117 69
f 82 131 83
f 92 139 91
f 83 130 84
f 84 134 86
f 89 136 90
f 92 136 140
f 89 134 137
f 91 135 87
f 88 135 138
f 81 133 129
f 82 129 132
f 88 133 85
f 99 148 147
f 96 141 93
f 101 146 150
f 103 143 95
f 96 143 142
f 99 146 100
f 104 151 103
f 102 150 149
f 98 145 148
f 93 144 94
f 102 145 97
f 104 144 152
f 58 59 60
f 61 57 60
f 64 65 66
f 63 66 68
f 64 61 62
f 70 71 72
f 73 74 75
f 77 78 73
f 71 70 80
f 75 74 69
f 82 83 84
f 85 81 84
f 88 89 90
f 87 90 92
f 88 85 86
f 94 95 96
f 98 99 100
f 100 101 102
f 95 94 104
f 106 107 108
f 110 106 105
f 112 113 114
f 116 112 111
f 110 109 114
f 118 119 120
f 122 123 124
f 121 125 126
f 128 120 119
f 123 118 117
f 130 131 132
f 134 130 129
f 136 137 138
f 140 136 135
f 134 133 138
f 142 143 144
f 146 147 148
f 145 149 150
f 152 144 143
f 58 108 107
f 68 116 115
f 59 107 106
f 60 106 110
f 65 113 112
f 68 66 112
f 65 62 110
f 67 115 111
f 64 63 111
f 57 61 109
f 58 57 105
f 64 114 109
f 77 76 122
f 79 127 119
f 71 119 118
f 75 123 122
f 75 72 118
f 80 128 127
f 77 126 125
f 74 73 121
f 70 69 117
f 78 125 121
f 80 70 120
f 74 124 117
f 82 132 131
f 92 140 139
f 83 131 130
f 84 130 134
f 89 137 136
f 92 90 136
f 89 86 134
f 91 139 135
f 88 87 135
f 81 85 133
f 82 81 129
f 88 138 133
f 99 98 148
f 96 142 141
f 101 100 146
f 103 151 143
f 96 95 143
f 99 147 146
f 104 152 151
f 102 101 150
f 98 97 145
f 93 141 144
f 102 149 145
f 104 94 144
o Christmas_Gift.001
v -0.066406 1.259033 0.298374
v -0.057010 1.259428 0.298318
v -0.065163 1.263555 -0.335208
v -0.074559 1.263160 -0.335152
v -0.046867 1.260477 0.298326
v -0.055020 1.264604 -0.335200
v -0.035999 1.262155 0.298396
v -0.044152 1.266282 -0.335130
v -0.012177 1.267289 0.298713
v -0.020329 1.271417 -0.334813
v 0.028439 1.279046 0.299587
v 0.020286 1.283174 -0.333939
v 0.107673 1.307699 0.301926
v 0.099520 1.311827 -0.331600
v 0.606544 1.505163 0.318557
v 0.598391 1.509291 -0.314969
v 0.695111 1.531509 0.320541
v 0.686958 1.535637 -0.312985
v 0.760147 1.547183 0.321589
v 0.751994 1.551311 -0.311937
v 0.823328 1.558566 0.322180
v 0.815175 1.562693 -0.311346
v 0.843873 1.561283 0.322262
v 0.835720 1.565411 -0.311264
v 0.884056 1.564946 0.322240
v 0.875903 1.569074 -0.311286
v 0.957329 1.568147 0.321813
v 0.949176 1.572274 -0.311713
v 1.008489 1.568291 0.321282
v 1.000336 1.572419 -0.312244
v 1.042614 1.567017 0.320776
v 1.034462 1.571144 -0.312750
v 1.070328 1.564889 0.320243
v 1.062176 1.569017 -0.313283
v 1.091665 1.562379 0.319736
v 1.083512 1.566507 -0.313790
v 1.111981 1.559064 0.319150
v 1.103828 1.563191 -0.314376
v 1.126395 1.556001 0.318655
v 1.118242 1.560129 -0.314871
v 1.135551 1.553667 0.318298
v 1.127398 1.557794 -0.315228
v 1.148527 1.549701 0.317718
v 1.140374 1.553828 -0.315808
v 1.166867 1.542658 0.316739
v 1.158714 1.546786 -0.316787
v 1.184850 1.534201 0.315606
v 1.176697 1.538328 -0.317920
v 1.210986 1.519106 0.313648
v 1.202833 1.523234 -0.319878
v 1.243868 1.495070 0.310623
v 1.235715 1.499197 -0.322903
v 1.280949 1.459995 0.306326
v 1.272797 1.464122 -0.327200
v 1.317974 1.412831 0.300684
v 1.309821 1.416959 -0.332842
v 1.344895 1.362978 0.294852
v 1.336742 1.367105 -0.338674
v 1.358121 1.321553 0.290103
v 1.349968 1.325681 -0.343423
v 1.361701 1.282097 0.285676
v 1.353548 1.286224 -0.347850
v 1.356816 1.253121 0.282506
v 1.348664 1.257248 -0.351020
v 1.348233 1.233485 0.280414
v 1.340080 1.237612 -0.353112
v 1.340023 1.221602 0.279180
v 1.331870 1.225730 -0.354346
v 1.335143 1.216065 0.278616
v 1.326990 1.220192 -0.354910
v 1.323786 1.205867 0.277603
v 1.315634 1.209995 -0.355923
v 1.299987 1.189454 0.276032
v 1.291834 1.193581 -0.357494
v 1.257457 1.166465 0.273930
v 1.249304 1.170593 -0.359596
v 1.207640 1.145543 0.272135
v 1.199487 1.149671 -0.361391
v 1.151558 1.126808 0.270651
v 1.143405 1.130936 -0.362875
v 1.090232 1.110380 0.269479
v 1.082079 1.114508 -0.364047
v 1.024685 1.096380 0.268623
v 1.016532 1.100508 -0.364903
v 0.955938 1.084929 0.268084
v 0.947785 1.089057 -0.365442
v 0.885014 1.076147 0.267865
v 0.876861 1.080274 -0.365661
v 0.812933 1.070154 0.267969
v 0.804781 1.074282 -0.365557
v 0.740720 1.067072 0.268398
v 0.732567 1.071200 -0.365128
v 0.669394 1.067020 0.269154
v 0.661241 1.071148 -0.364372
v 0.599978 1.070121 0.270241
v 0.591826 1.074248 -0.363285
v 0.533495 1.076493 0.271660
v 0.525343 1.080620 -0.361866
v 0.491306 1.082618 0.272793
v 0.483154 1.086745 -0.360734
v 0.451178 1.090287 0.274074
v 0.443025 1.094414 -0.359452
v 0.413412 1.099535 0.275507
v 0.405260 1.103663 -0.358019
v 0.378313 1.110398 0.277090
v 0.370160 1.114526 -0.356436
v 0.346181 1.122912 0.278825
v 0.338029 1.127040 -0.354701
v 0.317321 1.137112 0.280713
v 0.309169 1.141240 -0.352813
v -0.311947 1.494784 0.327219
v -0.320100 1.498912 -0.306307
v -0.422657 1.541634 0.333613
v -0.430810 1.545762 -0.299913
v -0.508370 1.570892 0.337783
v -0.516522 1.575019 -0.295743
v -0.570027 1.586900 0.340223
v -0.578180 1.591027 -0.293304
v -0.609538 1.594339 0.341472
v -0.617691 1.598466 -0.292054
v -0.628746 1.597007 0.341974
v -0.636899 1.601135 -0.291552
v -0.665955 1.600106 0.342717
v -0.674107 1.604234 -0.290809
v -0.731824 1.601470 0.343572
v -0.739977 1.605598 -0.289954
v -0.798754 1.600039 0.344129
v -0.806907 1.604167 -0.289398
v -0.865981 1.595866 0.344383
v -0.874134 1.599993 -0.289143
v -0.932743 1.589003 0.344333
v -0.940895 1.593130 -0.289193
v -0.998277 1.579503 0.343977
v -1.006430 1.583631 -0.289549
v -1.061821 1.567420 0.343312
v -1.069973 1.571548 -0.290214
v -1.122612 1.552806 0.342336
v -1.130764 1.556934 -0.291190
v -1.179888 1.535715 0.341048
v -1.188041 1.539842 -0.292478
v -1.232886 1.516199 0.339443
v -1.241039 1.520326 -0.294083
v -1.280844 1.494311 0.337522
v -1.288997 1.498438 -0.296004
v -1.305724 1.480154 0.336213
v -1.313877 1.484282 -0.297313
v -1.337906 1.457462 0.334033
v -1.346059 1.461590 -0.299493
v -1.375787 1.423967 0.330713
v -1.383939 1.428095 -0.302813
v -1.422568 1.369989 0.325209
v -1.430721 1.374116 -0.308317
v -1.459466 1.311195 0.319064
v -1.467618 1.315323 -0.314462
v -1.483613 1.251402 0.312672
v -1.491766 1.255529 -0.320854
v -1.491992 1.202247 0.307294
v -1.500145 1.206374 -0.326232
v -1.490314 1.171812 0.303892
v -1.498467 1.175940 -0.329634
v -1.484861 1.150719 0.301487
v -1.493014 1.154847 -0.332039
v -1.471572 1.125476 0.298538
v -1.479725 1.129603 -0.334988
v -1.460351 1.113298 0.297063
v -1.468503 1.117426 -0.336463
v -1.445516 1.102536 0.295708
v -1.453669 1.106663 -0.337818
v -1.427351 1.093120 0.294466
v -1.435504 1.097247 -0.339060
v -1.406140 1.084979 0.293334
v -1.414293 1.089107 -0.340192
v -1.382165 1.078045 0.292307
v -1.390318 1.082173 -0.341219
v -1.355709 1.072247 0.291379
v -1.363862 1.076374 -0.342147
v -1.327057 1.067514 0.290547
v -1.335210 1.071642 -0.342980
v -1.280579 1.062261 0.289466
v -1.288732 1.066389 -0.344060
v -1.230752 1.059013 0.288572
v -1.238905 1.063141 -0.344954
v -1.160760 1.057394 0.287644
v -1.168912 1.061521 -0.345882
v -1.070740 1.058939 0.286853
v -1.078893 1.063067 -0.346673
v -0.947926 1.065807 0.286305
v -0.956079 1.069935 -0.347221
v -0.839854 1.075451 0.286222
v -0.848006 1.079579 -0.347304
v -0.758671 1.084871 0.286402
v -0.766824 1.088998 -0.347124
v -0.732370 1.088940 0.286574
v -0.740522 1.093067 -0.346952
v -0.687991 1.097907 0.287097
v -0.696144 1.102034 -0.346429
v -0.584963 1.124344 0.288936
v -0.593115 1.128472 -0.344590
v 0.017283 1.310490 0.303203
v 0.009130 1.314618 -0.330323
v 0.036051 1.314168 0.303411
v 0.027898 1.318295 -0.330115
v 0.044093 1.315366 0.303459
v 0.035941 1.319494 -0.330067
v 0.057321 1.316391 0.303431
v 0.049168 1.320518 -0.330095
v 0.318456 1.259906 0.030202
v 0.318398 1.260302 0.020806
v -0.341533 1.255997 0.029270
v -0.341474 1.255601 0.038666
v 0.318398 1.261353 0.010662
v -0.341532 1.257048 0.019127
v 0.318456 1.263033 -0.000205
v -0.341475 1.258728 0.008259
v 0.318731 1.268176 -0.024027
v -0.341200 1.263870 -0.015563
v 0.319507 1.279950 -0.064641
v -0.340423 1.275645 -0.056177
v 0.321609 1.308644 -0.143873
v -0.338322 1.304339 -0.135408
v 0.336592 1.506393 -0.642723
v -0.323339 1.502088 -0.634259
v 0.338358 1.532778 -0.731287
v -0.321572 1.528473 -0.722823
v 0.339279 1.548475 -0.796322
v -0.320651 1.544170 -0.787858
v 0.339779 1.559875 -0.859502
v -0.320151 1.555570 -0.851038
v 0.339841 1.562597 -0.880047
v -0.320089 1.558292 -0.871582
v 0.339793 1.566266 -0.920229
v -0.320138 1.561961 -0.911765
v 0.339348 1.569472 -0.993502
v -0.320583 1.565167 -0.985037
v 0.338822 1.569618 -1.044662
v -0.321108 1.565313 -1.036198
v 0.338332 1.568342 -1.078788
v -0.321599 1.564037 -1.070323
v 0.337821 1.566213 -1.106502
v -0.322110 1.561907 -1.098038
v 0.337338 1.563699 -1.127839
v -0.322592 1.559394 -1.119374
v 0.336784 1.560379 -1.148156
v -0.323147 1.556074 -1.139691
v 0.336318 1.557313 -1.162570
v -0.323613 1.553008 -1.154105
v 0.335982 1.554975 -1.171726
v -0.323949 1.550670 -1.163262
v 0.335438 1.551004 -1.184702
v -0.324492 1.546699 -1.176238
v 0.334523 1.543952 -1.203043
v -0.325408 1.539647 -1.194579
v 0.333466 1.535484 -1.221027
v -0.326465 1.531178 -1.212563
v 0.331642 1.520369 -1.247165
v -0.328289 1.516063 -1.238700
v 0.328830 1.496299 -1.280049
v -0.331100 1.491994 -1.271585
v 0.324842 1.461176 -1.317135
v -0.335088 1.456871 -1.308670
v 0.319616 1.413947 -1.354164
v -0.340315 1.409642 -1.345700
v 0.314219 1.364026 -1.381091
v -0.345711 1.359720 -1.372626
v 0.309832 1.322543 -1.394321
v -0.350099 1.318238 -1.385856
v 0.305748 1.283032 -1.397905
v -0.354182 1.278726 -1.389441
v 0.302829 1.254015 -1.393024
v -0.357102 1.249710 -1.384560
v 0.300906 1.234352 -1.384442
v -0.359024 1.230047 -1.375978
v 0.299774 1.222452 -1.376234
v -0.360156 1.218147 -1.367769
v 0.299258 1.216907 -1.371355
v -0.360673 1.212602 -1.362890
v 0.298332 1.206696 -1.359999
v -0.361598 1.202391 -1.351535
v 0.296901 1.190259 -1.336201
v -0.363030 1.185953 -1.327737
v 0.294992 1.167237 -1.293674
v -0.364939 1.162932 -1.285209
v 0.293372 1.146285 -1.243859
v -0.366558 1.141980 -1.235395
v 0.292043 1.127522 -1.187779
v -0.367887 1.123217 -1.179314
v 0.291006 1.111070 -1.126455
v -0.368925 1.106765 -1.117990
v 0.290263 1.097049 -1.060909
v -0.369668 1.092744 -1.052444
v 0.289814 1.085581 -0.992163
v -0.370117 1.081275 -0.983699
v 0.289662 1.076785 -0.921240
v -0.370269 1.072480 -0.912775
v 0.289808 1.070783 -0.849160
v -0.370123 1.066477 -0.840696
v 0.290254 1.067695 -0.776946
v -0.369676 1.063389 -0.768482
v 0.291002 1.067642 -0.705621
v -0.368929 1.063336 -0.697156
v 0.292052 1.070744 -0.636205
v -0.367878 1.066439 -0.627740
v 0.293407 1.077124 -0.569721
v -0.366523 1.072819 -0.561256
v 0.294481 1.083257 -0.527531
v -0.365450 1.078952 -0.519067
v 0.295690 1.090936 -0.487402
v -0.364240 1.086631 -0.478937
v 0.297037 1.100196 -0.449635
v -0.362893 1.095891 -0.441171
v 0.298522 1.111074 -0.414534
v -0.361409 1.106769 -0.406070
v 0.300144 1.123604 -0.382401
v -0.359787 1.119299 -0.373937
v 0.301905 1.137824 -0.353540
v -0.358026 1.133519 -0.345075
v 0.345221 1.495981 0.275768
v -0.314709 1.491676 0.284233
v 0.351194 1.542894 0.386484
v -0.308737 1.538589 0.394948
v 0.355099 1.572191 0.472199
v -0.304832 1.567885 0.480664
v 0.357391 1.588220 0.533858
v -0.302540 1.583914 0.542323
v 0.358571 1.595668 0.573370
v -0.301360 1.591363 0.581834
v 0.359047 1.598340 0.592579
v -0.300884 1.594035 0.601043
v 0.359757 1.601443 0.629788
v -0.300173 1.597137 0.638252
v 0.360592 1.602807 0.695658
v -0.299338 1.598502 0.704122
v 0.361152 1.601373 0.762587
v -0.298779 1.597068 0.771052
v 0.361434 1.597192 0.829814
v -0.298497 1.592887 0.838278
v 0.361435 1.590318 0.896575
v -0.298496 1.586013 0.905039
v 0.361152 1.580804 0.962108
v -0.298779 1.576499 0.970572
v 0.360584 1.568703 1.025651
v -0.299347 1.564398 1.034115
v 0.359727 1.554068 1.086440
v -0.300204 1.549762 1.094905
v 0.358579 1.536951 1.143715
v -0.301352 1.532646 1.152179
v 0.357137 1.517407 1.196711
v -0.302794 1.513101 1.205175
v 0.355399 1.495487 1.244667
v -0.304532 1.491182 1.253131
v 0.354210 1.481310 1.269546
v -0.305721 1.477005 1.278010
v 0.352223 1.458587 1.301725
v -0.307708 1.454281 1.310189
v 0.349188 1.425044 1.339602
v -0.310743 1.420739 1.348066
v 0.344147 1.370989 1.386378
v -0.315784 1.366684 1.394842
v 0.338508 1.312113 1.423269
v -0.321423 1.307807 1.431733
v 0.332631 1.252236 1.447410
v -0.327299 1.247930 1.455874
v 0.327679 1.203012 1.455784
v -0.332251 1.198707 1.464248
v 0.324541 1.172535 1.454102
v -0.335390 1.168230 1.462566
v 0.322321 1.151413 1.448648
v -0.337610 1.147107 1.457112
v 0.319592 1.126134 1.435355
v -0.340339 1.121829 1.443819
v 0.318225 1.113940 1.424133
v -0.341706 1.109635 1.432597
v 0.316965 1.103163 1.409297
v -0.342966 1.098858 1.417762
v 0.315808 1.093734 1.391131
v -0.344123 1.089429 1.399596
v 0.314749 1.085583 1.369919
v -0.345182 1.081277 1.378383
v 0.313785 1.078639 1.345943
v -0.346146 1.074334 1.354407
v 0.312911 1.072833 1.319487
v -0.347020 1.068528 1.327951
v 0.312123 1.068095 1.290834
v -0.347807 1.063790 1.299298
v 0.311095 1.062836 1.244355
v -0.348837 1.058530 1.252820
v 0.310236 1.059584 1.194528
v -0.349695 1.055279 1.202993
v 0.309331 1.057964 1.124535
v -0.350600 1.053658 1.132999
v 0.308539 1.059513 1.034515
v -0.351392 1.055208 1.042980
v 0.307947 1.066393 0.911702
v -0.351984 1.062088 0.920167
v 0.307795 1.076053 0.803631
v -0.352135 1.071748 0.812095
v 0.307904 1.085487 0.722449
v -0.352026 1.081182 0.730913
v 0.308044 1.089563 0.696148
v -0.351887 1.085257 0.704612
v 0.308495 1.098543 0.651770
v -0.351436 1.094238 0.660234
v 0.310118 1.125020 0.548744
v -0.349812 1.120714 0.557209
v 0.322849 1.311437 -0.053482
v -0.337081 1.307132 -0.045018
v 0.323029 1.315120 -0.072250
v -0.336902 1.310815 -0.063785
v 0.323066 1.316320 -0.080292
v -0.336864 1.312015 -0.071828
v 0.323032 1.317347 -0.093519
v -0.336899 1.313042 -0.085055
s 1
f 153 155 156
f 154 158 155
f 157 160 158
f 159 162 160
f 161 164 162
f 163 166 164
f 165 168 166
f 167 170 168
f 169 172 170
f 171 174 172
f 173 176 174
f 175 178 176
f 177 180 178
f 179 182 180
f 183 182 181
f 185 184 183
f 187 186 185
f 189 188 187
f 191 190 189
f 193 192 191
f 195 194 193
f 197 196 195
f 199 198 197
f 201 200 199
f 203 202 201
f 205 204 203
f 207 206 205
f 209 208 207
f 211 210 209
f 213 212 211
f 215 214 213
f 217 216 215
f 219 218 217
f 221 220 219
f 223 222 221
f 225 224 223
f 227 226 225
f 229 228 227
f 231 230 229
f 233 232 231
f 235 234 233
f 237 236 235
f 239 238 237
f 241 240 239
f 243 242 241
f 245 244 243
f 245 248 246
f 247 250 248
f 249 252 250
f 251 254 252
f 253 256 254
f 255 258 256
f 257 260 258
f 259 262 260
f 261 264 262
f 263 266 264
f 265 268 266
f 267 270 268
f 269 272 270
f 271 274 272
f 273 276 274
f 277 276 275
f 279 278 277
f 281 280 279
f 283 282 281
f 285 284 283
f 287 286 285
f 289 288 287
f 291 290 289
f 293 292 291
f 295 294 293
f 297 296 295
f 299 298 297
f 301 300 299
f 303 302 301
f 305 304 303
f 307 306 305
f 309 308 307
f 311 310 309
f 313 312 311
f 315 314 313
f 317 316 315
f 319 318 317
f 321 320 319
f 323 322 321
f 325 324 323
f 327 326 325
f 329 328 327
f 331 330 329
f 333 332 331
f 335 334 333
f 335 338 336
f 337 340 338
f 339 342 340
f 341 344 342
f 343 346 344
f 345 348 346
f 347 350 348
f 349 352 350
f 351 354 352
f 353 356 354
f 355 358 356
f 359 361 362
f 360 364 361
f 363 366 364
f 365 368 366
f 367 370 368
f 369 372 370
f 371 374 372
f 373 376 374
f 375 378 376
f 377 380 378
f 379 382 380
f 381 384 382
f 383 386 384
f 385 388 386
f 389 388 387
f 391 390 389
f 393 392 391
f 395 394 393
f 397 396 395
f 399 398 397
f 401 400 399
f 403 402 401
f 405 404 403
f 407 406 405
f 409 408 407
f 411 410 409
f 413 412 411
f 415 414 413
f 417 416 415
f 419 418 417
f 421 420 419
f 423 422 421
f 425 424 423
f 427 426 425
f 429 428 427
f 431 430 429
f 433 432 431
f 435 434 433
f 437 436 435
f 439 438 437
f 441 440 439
f 443 442 441
f 445 444 443
f 447 446 445
f 449 448 447
f 451 450 449
f 451 454 452
f 453 456 454
f 455 458 456
f 457 460 458
f 459 462 460
f 461 464 462
f 463 466 464
f 465 468 466
f 467 470 468
f 469 472 470
f 471 474 472
f 473 476 474
f 475 478 476
f 477 480 478
f 479 482 480
f 483 482 481
f 485 484 483
f 487 486 485
f 489 488 487
f 491 490 489
f 493 492 491
f 495 494 493
f 497 496 495
f 499 498 497
f 501 500 499
f 503 502 501
f 505 504 503
f 507 506 505
f 509 508 507
f 511 510 509
f 513 512 511
f 515 514 513
f 517 516 515
f 519 518 517
f 521 520 519
f 523 522 521
f 525 524 523
f 527 526 525
f 529 528 527
f 531 530 529
f 533 532 531
f 535 534 533
f 537 536 535
f 539 538 537
f 541 540 539
f 541 544 542
f 543 546 544
f 545 548 546
f 547 550 548
f 549 552 550
f 551 554 552
f 553 556 554
f 555 558 556
f 557 560 558
f 559 562 560
f 561 564 562
f 153 154 155
f 154 157 158
f 157 159 160
f 159 161 162
f 161 163 164
f 163 165 166
f 165 167 168
f 167 169 170
f 169 171 172
f 171 173 174
f 173 175 176
f 175 177 178
f 177 179 180
f 179 181 182
f 183 184 182
f 185 186 184
f 187 188 186
f 189 190 188
f 191 192 190
f 193 194 192
f 195 196 194
f 197 198 196
f 199 200 198
f 201 202 200
f 203 204 202
f 205 206 204
f 207 208 206
f 209 210 208
f 211 212 210
f 213 214 212
f 215 216 214
f 217 218 216
f 219 220 218
f 221 222 220
f 223 224 222
f 225 226 224
f 227 228 226
f 229 230 228
f 231 232 230
f 233 234 232
f 235 236 234
f 237 238 236
f 239 240 238
f 241 242 240
f 243 244 242
f 245 246 244
f 245 247 248
f 247 249 250
f 249 251 252
f 251 253 254
f 253 255 256
f 255 257 258
f 257 259 260
f 259 261 262
f 261 263 264
f 263 265 266
f 265 267 268
f 267 269 270
f 269 271 272
f 271 273 274
f 273 275 276
f 277 278 276
f 279 280 278
f 281 282 280
f 283 284 282
f 285 286 284
f 287 288 286
f 289 290 288
f 291 292 290
f 293 294 292
f 295 296 294
f 297 298 296
f 299 300 298
f 301 302 300
f 303 304 302
f 305 306 304
f 307 308 306
f 309 310 308
f 311 312 310
f 313 314 312
f 315 316 314
f 317 318 316
f 319 320 318
f 321 322 320
f 323 324 322
f 325 326 324
f 327 328 326
f 329 330 328
f 331 332 330
f 333 334 332
f 335 336 334
f 335 337 338
f 337 339 340
f 339 341 342
f 341 343 344
f 343 345 346
f 345 347 348
f 347 349 350
f 349 351 352
f 351 353 354
f 353 355 356
f 355 357 358
f 359 360 361
f 360 363 364
f 363 365 366
f 365 367 368
f 367 369 370
f 369 371 372
f 371 373 374
f 373 375 376
f 375 377 378
f 377 379 380
f 379 381 382
f 381 383 384
f 383 385 386
f 385 387 388
f 389 390 388
f 391 392 390
f 393 394 392
f 395 396 394
f 397 398 396
f 399 400 398
f 401 402 400
f 403 404 402
f 405 406 404
f 407 408 406
f 409 410 408
f 411 412 410
f 413 414 412
f 415 416 414
f 417 418 416
f 419 420 418
f 421 422 420
f 423 424 422
f 425 426 424
f 427 428 426
f 429 430 428
f 431 432 430
f 433 434 432
f 435 436 434
f 437 438 436
f 439 440 438
f 441 442 440
f 443 444 442
f 445 446 444
f 447 448 446
f 449 450 448
f 451 452 450
f 451 453 454
f 453 455 456
f 455 457 458
f 457 459 460
f 459 461 462
f 461 463 464
f 463 465 466
f 465 467 468
f 467 469 470
f 469 471 472
f 471 473 474
f 473 475 476
f 475 477 478
f 477 479 480
f 479 481 482
f 483 484 482
f 485 486 484
f 487 488 486
f 489 490 488
f 491 492 490
f 493 494 492
f 495 496 494
f 497 498 496
f 499 500 498
f 501 502 500
f 503 504 502
f 505 506 504
f 507 508 506
f 509 510 508
f 511 512 510
f 513 514 512
f 515 516 514
f 517 518 516
f 519 520 518
f 521 522 520
f 523 524 522
f 525 526 524
f 527 528 526
f 529 530 528
f 531 532 530
f 533 534 532
f 535 536 534
f 537 538 536
f 539 540 538
f 541 542 540
f 541 543 544
f 543 545 546
f 545 547 548
f 547 549 550
f 549 551 552
f 551 553 554
f 553 555 556
f 555 557 558
f 557 559 560
f 559 561 562
f 561 563 564
